0.000,0.000,0.000 
0.000,0.000,8.952 
1.000,8.952,17.905 
2.000,26.857,26.857 
3.000,53.714,35.809 
4.000,89.523,44.762 
5.000,134.284,53.714 
6.000,187.998,62.667 
7.000,250.665,71.620 
8.000,322.285,80.573 
9.000,402.857,89.526 
10.000,492.383,98.479 
11.000,590.863,107.433 
12.000,698.296,116.387 
13.000,814.683,125.342 
14.000,940.025,134.296 
15.000,1074.321,143.252 
16.000,1217.573,152.207 
17.000,1369.780,161.163 
18.000,1530.943,170.120 
19.000,1701.062,179.076 
20.000,1880.139,188.034 
21.000,2068.173,196.992 
22.000,2265.165,205.951 
23.000,2471.115,214.910 
24.000,2686.025,223.870 
25.000,2909.895,232.830 
26.000,3142.725,241.791 
27.000,3384.516,250.753 
28.000,3635.269,259.716 
29.000,3894.985,268.679 
30.000,4163.665,277.644 
31.000,4441.308,286.609 
32.000,4727.917,295.574 
33.000,5023.491,304.541 
34.000,5328.032,313.509 
35.000,5641.541,322.477 
36.000,5964.018,331.447 
37.000,6295.465,340.418 
38.000,6635.883,349.389 
39.000,6985.272,358.362 
40.000,7343.634,367.335 
41.000,7710.969,376.310 
42.000,8087.279,385.286 
43.000,8472.565,394.263 
44.000,8866.828,403.241 
45.000,9270.069,412.221 
46.000,9682.290,421.202 
47.000,10103.491,430.183 
48.000,10533.675,439.167 
49.000,10972.842,448.151 
50.000,11420.993,457.137 
51.000,11878.130,466.124 
52.000,12344.254,475.113 
53.000,12819.367,484.103 
54.000,13303.470,493.095 
55.000,13796.564,502.087 
56.000,14298.652,511.082 
57.000,14809.734,520.078 
58.000,15329.812,529.076 
59.000,15858.888,538.075 
60.000,16396.963,547.076 
61.000,16944.039,556.078 
62.000,17500.117,565.082 
63.000,18065.199,574.088 
64.000,18639.287,583.095 
65.000,19222.383,592.105 
66.000,19814.488,601.116 
67.000,20415.604,610.128 
68.000,21025.732,619.143 
69.000,21644.875,628.160 
70.000,22273.035,637.178 
71.000,22910.213,646.198 
72.000,23556.412,655.221 
73.000,24211.633,664.245 
74.000,24875.877,673.271 
75.000,25549.148,682.299 
76.000,26231.447,691.330 
77.000,26922.777,700.362 
78.000,27623.139,709.396 
79.000,28332.535,718.433 
80.000,29050.969,727.472 
81.000,29778.439,736.512 
82.000,30514.951,745.556 
83.000,31260.506,754.601 
84.000,32015.107,763.648 
85.000,32778.754,772.698 
86.000,33551.453,781.750 
87.000,34333.203,790.805 
88.000,35124.008,799.862 
89.000,35923.871,808.921 
90.000,36732.793,817.983 
91.000,37550.777,827.047 
92.000,38377.824,836.113 
93.000,39213.938,845.182 
94.000,40059.121,854.254 
95.000,40913.375,863.328 
96.000,41776.703,872.405 
97.000,42649.109,881.484 
98.000,43530.594,890.566 
99.000,44421.160,899.651 
100.000,45320.812,908.738 
101.000,46229.551,917.828 
102.000,47147.379,926.921 
103.000,48074.301,936.016 
104.000,49010.316,945.115 
105.000,49955.430,954.216 
106.000,50909.645,963.320 
107.000,51872.965,972.426 
108.000,52845.391,981.536 
109.000,53826.926,990.648 
110.000,54817.574,999.764 
111.000,55817.340,1008.883 
112.000,56826.223,1018.004 
113.000,57844.227,1027.128 
114.000,58871.355,1036.256 
115.000,59907.613,1045.387 
116.000,60953.000,1054.520 
117.000,62007.520,1063.657 
118.000,63071.176,1072.797 
119.000,64143.973,1081.940 
120.000,65225.914,1091.087 
121.000,66317.000,1100.236 
122.000,67417.234,1109.389 
123.000,68526.625,1118.545 
124.000,69645.172,1127.705 
125.000,70772.875,1136.867 
126.000,71909.742,1146.033 
127.000,73055.773,1155.203 
128.000,74210.977,1164.376 
129.000,75375.352,1173.552 
130.000,76548.906,1182.732 
131.000,77731.641,1191.915 
132.000,78923.555,1201.102 
133.000,80124.656,1210.292 
134.000,81334.945,1219.486 
135.000,82554.430,1228.683 
136.000,83783.109,1237.884 
137.000,85020.992,1247.089 
138.000,86268.078,1256.297 
139.000,87524.375,1265.509 
140.000,88789.883,1274.724 
141.000,90064.609,1283.944 
142.000,91348.555,1293.167 
143.000,92641.719,1302.394 
144.000,93944.109,1311.625 
145.000,95255.734,1320.859 
146.000,96576.594,1330.097 
147.000,97906.688,1339.340 
148.000,99246.023,1348.586 
149.000,100594.609,1357.836 
150.000,101952.445,1367.090 
151.000,103319.539,1376.348 
152.000,104695.891,1385.610 
153.000,106081.500,1394.876 
154.000,107476.375,1385.399 
155.000,108861.773,1375.927 
156.000,110237.703,1366.458 
157.000,111604.164,1356.993 
158.000,112961.156,1347.532 
159.000,114308.688,1338.076 
160.000,115646.766,1328.623 
161.000,116975.391,1319.174 
162.000,118294.562,1309.729 
163.000,119604.289,1300.287 
164.000,120904.578,1290.850 
165.000,122195.430,1281.416 
166.000,123476.844,1271.986 
167.000,124748.828,1262.560 
168.000,126011.391,1253.138 
169.000,127264.531,1243.719 
170.000,128508.250,1234.303 
171.000,129742.555,1224.892 
172.000,130967.445,1215.484 
173.000,132182.922,1206.079 
174.000,133389.000,1196.678 
175.000,134585.672,1187.281 
176.000,135772.953,1177.887 
177.000,136950.844,1168.496 
178.000,138119.344,1159.109 
179.000,139278.453,1149.725 
180.000,140428.172,1140.344 
181.000,141568.516,1130.967 
182.000,142699.484,1121.593 
183.000,143821.078,1112.222 
184.000,144933.297,1102.854 
185.000,146036.156,1093.490 
186.000,147129.641,1084.129 
187.000,148213.766,1074.771 
188.000,149288.531,1065.416 
189.000,150353.953,1056.064 
190.000,151410.016,1046.716 
191.000,152456.734,1037.370 
192.000,153494.109,1028.027 
193.000,154522.141,1018.687 
194.000,155540.828,1009.350 
195.000,156550.172,1000.017 
196.000,157550.188,990.685 
197.000,158540.875,981.357 
198.000,159522.234,972.032 
199.000,160494.266,962.709 
200.000,161456.969,953.390 
201.000,162410.359,944.072 
202.000,163354.438,934.758 
203.000,164289.203,925.446 
204.000,165214.656,916.138 
205.000,166130.797,906.831 
206.000,167037.625,897.527 
207.000,167935.156,888.226 
208.000,168823.375,878.928 
209.000,169702.297,869.632 
210.000,170571.922,860.338 
211.000,171432.266,851.047 
212.000,172283.312,841.758 
213.000,173125.078,832.472 
214.000,173957.547,823.188 
215.000,174780.734,813.906 
216.000,175594.641,804.627 
217.000,176399.266,795.350 
218.000,177194.609,786.076 
219.000,177980.688,776.803 
220.000,178757.484,767.533 
221.000,179525.016,758.265 
222.000,180283.281,748.999 
223.000,181032.281,739.736 
224.000,181772.016,730.474 
225.000,182502.484,721.215 
226.000,183223.703,711.957 
227.000,183935.656,702.702 
228.000,184638.359,693.449 
229.000,185331.812,684.197 
230.000,186016.016,674.948 
231.000,186690.969,665.701 
232.000,187356.672,656.455 
233.000,188013.125,647.211 
234.000,188660.344,637.969 
235.000,189298.312,628.729 
236.000,189927.047,619.491 
237.000,190546.531,610.255 
238.000,191156.781,601.020 
239.000,191757.797,591.787 
240.000,192349.578,582.556 
241.000,192932.141,573.326 
242.000,193505.469,564.098 
243.000,194069.562,554.872 
244.000,194624.438,545.647 
245.000,195170.078,536.424 
246.000,195706.500,527.202 
247.000,196233.703,517.982 
248.000,196751.688,508.763 
249.000,197260.453,499.546 
250.000,197760.000,490.330 
251.000,198250.328,481.115 
252.000,198731.438,471.902 
253.000,199203.344,462.690 
254.000,199666.031,453.480 
255.000,200119.516,444.271 
256.000,200563.781,435.063 
257.000,200998.844,425.856 
258.000,201424.703,416.651 
259.000,201841.359,407.447 
260.000,202248.812,398.244 
261.000,202647.062,389.042 
262.000,203036.109,379.841 
263.000,203415.953,370.641 
264.000,203786.594,361.443 
265.000,204148.031,352.245 
266.000,204500.281,343.049 
267.000,204843.328,333.853 
268.000,205177.188,324.658 
269.000,205501.844,315.465 
270.000,205817.312,306.272 
271.000,206123.578,297.080 
272.000,206420.656,287.889 
273.000,206708.547,278.699 
274.000,206987.250,269.509 
275.000,207256.766,260.320 
276.000,207517.094,251.133 
277.000,207768.219,241.945 
278.000,208010.172,232.759 
279.000,208242.938,223.573 
280.000,208466.516,214.388 
281.000,208680.906,205.203 
282.000,208886.109,196.020 
283.000,209082.125,186.836 
284.000,209268.969,177.653 
285.000,209446.625,168.471 
286.000,209615.094,159.289 
287.000,209774.391,150.108 
288.000,209924.500,140.927 
289.000,210065.422,131.747 
290.000,210197.172,122.566 
291.000,210319.734,113.387 
292.000,210433.125,104.207 
293.000,210537.328,95.028 
294.000,210632.359,85.850 
295.000,210718.203,76.671 
296.000,210794.875,67.493 
297.000,210862.375,58.315 
298.000,210920.688,49.137 
299.000,210969.828,39.959 
300.000,211009.781,30.782 
301.000,211040.562,21.604 
302.000,211062.172,12.427 
303.000,211074.594,3.250 
304.000,211077.844,-5.928 
305.000,211071.922,-15.105 
306.000,211056.812,-24.282 
307.000,211032.531,-33.460 
308.000,210999.078,-42.637 
309.000,210956.438,-51.814 
310.000,210904.625,-60.992 
311.000,210843.641,-70.170 
312.000,210773.469,-79.348 
313.000,210694.125,-88.526 
314.000,210605.594,-97.704 
315.000,210507.891,-106.883 
316.000,210401.016,-116.061 
317.000,210284.953,-125.241 
318.000,210159.719,-134.420 
319.000,210025.297,-143.600 
320.000,209881.703,-152.780 
321.000,209728.922,-161.961 
322.000,209566.969,-171.142 
323.000,209395.828,-180.323 
324.000,209215.500,-189.505 
325.000,209026.000,-198.688 
326.000,208827.312,-207.870 
327.000,208619.438,-217.054 
328.000,208402.391,-226.238 
329.000,208176.156,-235.423 
330.000,207940.734,-244.608 
331.000,207696.125,-253.794 
332.000,207442.328,-262.981 
333.000,207179.344,-272.168 
334.000,206907.172,-281.356 
335.000,206625.812,-290.545 
336.000,206335.266,-299.735 
337.000,206035.531,-308.925 
338.000,205726.609,-318.117 
339.000,205408.500,-327.309 
340.000,205081.188,-336.502 
341.000,204744.688,-345.696 
342.000,204398.984,-354.891 
343.000,204044.094,-364.087 
344.000,203680.000,-373.284 
345.000,203306.719,-382.481 
346.000,202924.234,-391.680 
347.000,202532.547,-400.880 
348.000,202131.672,-410.082 
349.000,201721.594,-419.284 
350.000,201302.312,-428.487 
351.000,200873.828,-437.692 
352.000,200436.141,-446.897 
353.000,199989.250,-456.104 
354.000,199533.141,-465.313 
355.000,199067.828,-474.522 
356.000,198593.312,-483.733 
357.000,198109.578,-492.945 
358.000,197616.641,-502.159 
359.000,197114.484,-511.373 
360.000,196603.109,-520.590 
361.000,196082.516,-529.807 
362.000,195552.703,-539.027 
363.000,195013.672,-548.247 
364.000,194465.422,-557.469 
365.000,193907.953,-566.693 
366.000,193341.266,-575.918 
367.000,192765.344,-585.145 
368.000,192180.203,-594.374 
369.000,191585.828,-603.604 
370.000,190982.219,-612.836 
371.000,190369.391,-622.069 
372.000,189747.328,-631.304 
373.000,189116.031,-640.541 
374.000,188475.484,-649.780 
375.000,187825.703,-659.021 
376.000,187166.688,-668.263 
377.000,186498.422,-677.507 
378.000,185820.922,-686.753 
379.000,185134.172,-696.001 
380.000,184438.172,-705.251 
381.000,183732.922,-714.503 
382.000,183018.422,-723.757 
383.000,182294.672,-733.013 
384.000,181561.656,-742.271 
385.000,180819.391,-751.531 
386.000,180067.859,-760.793 
387.000,179307.062,-770.057 
388.000,178537.000,-779.324 
389.000,177757.672,-788.592 
390.000,176969.078,-797.863 
391.000,176171.219,-807.136 
392.000,175364.078,-816.411 
393.000,174547.672,-825.689 
394.000,173721.984,-834.969 
395.000,172887.016,-844.251 
396.000,172042.766,-853.535 
397.000,171189.234,-862.822 
398.000,170326.406,-872.112 
399.000,169454.297,-881.404 
400.000,168572.891,-890.698 
401.000,167682.188,-899.995 
402.000,166782.188,-909.294 
403.000,165872.891,-918.596 
404.000,164954.297,-927.900 
405.000,164026.391,-937.207 
406.000,163089.188,-946.517 
407.000,162142.672,-955.830 
408.000,161186.844,-965.145 
409.000,160221.703,-974.462 
410.000,159247.234,-983.783 
411.000,158263.453,-993.106 
412.000,157270.344,-1002.433 
413.000,156267.906,-1011.762 
414.000,155256.141,-1021.093 
415.000,154235.047,-1030.428 
416.000,153204.625,-1039.766 
417.000,152164.859,-1049.106 
418.000,151115.750,-1058.450 
419.000,150057.297,-1067.797 
420.000,148989.500,-1077.146 
421.000,147912.359,-1086.499 
422.000,146825.859,-1095.854 
423.000,145730.000,-1105.213 
424.000,144624.781,-1114.575 
425.000,143510.203,-1123.941 
426.000,142386.266,-1133.309 
427.000,141252.953,-1142.681 
428.000,140110.266,-1152.056 
429.000,138958.203,-1161.434 
430.000,137796.766,-1170.815 
431.000,136625.953,-1180.200 
432.000,135445.750,-1189.588 
433.000,134256.156,-1198.980 
434.000,133057.172,-1208.375 
435.000,131848.797,-1217.773 
436.000,130631.023,-1227.175 
437.000,129403.852,-1236.581 
438.000,128167.273,-1245.990 
439.000,126921.281,-1255.403 
440.000,125665.875,-1264.819 
441.000,124401.055,-1274.239 
442.000,123126.812,-1283.662 
443.000,121843.148,-1293.090 
444.000,120550.062,-1302.521 
445.000,119247.539,-1311.955 
446.000,117935.586,-1321.394 
447.000,116614.195,-1330.836 
448.000,115283.359,-1340.282 
449.000,113943.078,-1349.732 
450.000,112593.344,-1359.186 
451.000,111234.156,-1368.644 
452.000,109865.516,-1378.106 
453.000,108487.406,-1387.572 
454.000,107099.836,-1397.042 
455.000,105702.797,-1406.515 
456.000,104296.281,-1415.993 
457.000,102880.289,-1425.475 
458.000,101454.812,-1434.962 
459.000,100019.852,-1444.452 
460.000,98575.398,-1453.947 
461.000,97121.453,-1463.446 
462.000,95658.008,-1472.949 
463.000,94185.062,-1482.456 
464.000,92702.609,-1491.968 
465.000,91210.641,-1501.484 
466.000,89709.156,-1511.005 
467.000,88198.148,-1520.529 
468.000,86677.617,-1530.059 
469.000,85147.555,-1539.593 
470.000,83607.961,-1549.131 
471.000,82058.828,-1558.674 
472.000,80500.156,-1568.221 
473.000,78931.938,-1577.774 
474.000,77354.164,-1587.330 
475.000,75766.836,-1596.892 
476.000,74169.945,-1606.458 
477.000,72563.484,-1616.029 
478.000,70947.453,-1625.604 
479.000,69321.852,-1635.185 
480.000,67686.664,-1644.770 
481.000,66041.891,-1654.360 
482.000,64387.531,-1663.955 
483.000,62723.578,-1673.555 
484.000,61050.023,-1683.160 
485.000,59366.863,-1692.770 
486.000,57674.094,-1702.385 
487.000,55971.711,-1712.005 
488.000,54259.707,-1721.630 
489.000,52538.078,-1731.260 
490.000,50806.816,-1740.895 
491.000,49065.922,-1750.536 
492.000,47315.387,-1760.182 
493.000,45555.207,-1769.833 
494.000,43785.375,-1779.489 
495.000,42005.887,-1789.150 
496.000,40216.734,-1798.817 
497.000,38417.918,-1808.490 
498.000,36609.430,-1818.168 
499.000,34791.262,-1827.851 
500.000,32963.410,-1837.540 
501.000,31125.871,-1847.234 
502.000,29278.637,-1856.934 
503.000,27421.703,-1866.639 
504.000,25555.064,-1876.350 
505.000,23678.715,-1886.067 
506.000,21792.648,-1895.789 
507.000,19896.859,-1905.517 
508.000,17991.342,-1915.251 
509.000,16076.091,-1924.991 
510.000,14151.100,-1934.737 
511.000,12216.363,-1944.488 
512.000,10271.875,-1954.245 
513.000,8317.630,-1964.009 
514.000,6353.621,-1973.778 
515.000,4379.843,-1983.553 
516.000,2396.290,-1993.335 
517.000,402.955,-2003.122 
518.000,-1600.167,-2012.915 
